-5.274262 4.599156 0.000000
4.345992 2.827004 0.980000
3.037975 -4.050633 1.790000
-4.978903 -6.877637 3.440000
-0.548523 -1.139241 5.860000
2.700422 -2.067511 15.160000
2.700422 -2.067511 17.070000
3.839662 3.670886 18.210000
-6.708861 -4.936709 20.940000
-3.248945 -4.514768 47.420000
2.827004 2.911392 48.810000
6.455696 -2.362869 49.950000
7.594937 3.080169 67.480000
1.350211 8.227848 68.640000
0.970464 -7.974684 70.290000
-3.248945 -6.877637 71.170000
-8.945148 -1.223629 72.320000
8.860759 0.506329 74.540000
7.299578 2.489451 104.160000
4.219409 -5.400844 105.270000
