3.080169 3.628692 17.990000
-1.392405 3.080169 18.850000
-2.489451 -2.320675 19.840000
3.122363 -3.037975 21.060000
3.628692 2.447257 22.420000
-2.658228 2.320675 23.310000
-3.291139 -3.080169 24.340000
2.827004 -3.248945 25.340000
3.586498 2.911392 28.040000
-1.814346 2.827004 29.340000
-2.067511 -1.012658 30.270000
3.586498 -1.856540 31.260000
4.177215 0.843882 33.080000
3.924051 1.561181 39.750000
-1.476793 3.080169 41.990000
-1.518987 -0.801688 43.120000
2.573840 -1.898734 44.680000
3.080169 2.194093 46.270000
-0.759494 2.573840 48.590000
